DNS from A17
qDNS from A19
LES all from A17 except epsilon=1e-5 from Aubert and Gillet 2021

Path param	Ekman	rmsCMBtotal	RMSCMBl=12	RMSCMBl=1	p	Rm	Pm	fohm
1		3e-5	0.82		0.60		0.44		8.56e-6	930	2.5	0.6
0.33 		1e-5	0.85		0.61		0.47		2.93e-6	1036	1.44	0.71
0.33 		1e-5	0.78		0.55		0.39		2.94e-6	988	1.4	0.67
0.1 		3e-6	0.93		0.67		0.51		8.96e-7	1092	0.8	0.81
0.1 		3e-6	0.90		0.64		0.47		9.08e-7	1046	0.8	0.72
3.33e-2 	1e-6	0.98		0.73		0.58		3.01e-7	1071	0.45	0.89
3.33e-2 	1e-6	0.96		0.68		0.52		3.09e-7	1036	0.45	0.76
1e-2 		3e-7	0.94		0.73		0.61		9.18e-8	1130	0.25	0.92
1e-2		3e-7	1.04		0.74		0.58		9.39e-8	1046	0.25	0.80
3.33e-3 	1e-7	1.02		0.72		0.55		3.17e-8	1068	0.14	0.81
1e-3 		3e-8	0.99		0.71		0.55		9.62e-9	1099	0.079	0.83
3.33e-4 	1e-8	0.97		0.70		0.55		3.24e-9	1082	0.045	0.84
1e-5 		3e-10	1.01		0.75		0.6		9.95e-11 1136	7.9e-3	0.90
