E Pm rmsCMBtotal RMSCMBl=1 fdip1 fdip2 p Rm fohm Els MEKE
0.0001 12.0 1.5524985184851945 1.0574917351532422 0.7702025304677829 0.7532233961504541 5.127976477424614e-07 238.5 0.73 25.1 54.3
0.0001 15.0 1.8233373545173803 1.1287654013679622 0.7197791203398128 0.7059672784302409 5.636776206463478e-07 312.1 0.71 35.16 55.6
0.0001 12.0 1.7427260255859318 1.1452265135603985 0.7578102675972487 0.7332345441137655 6.864449220925412e-07 267.9 0.72 29.87 51.0
0.0001 12.0 1.880259783413728 1.179771454235303 0.7388230739734291 0.7356432638142189 8.848599317851877e-07 299.8 0.71 34.08 46.4
0.0001 12.0 2.012267816736029 1.191257702139758 0.7168782141159392 0.7012607491423047 1.2296697049495187e-06 353.7 0.7 38.94 38.0
0.0001 7.0 1.4655442406405703 0.97919217224334 0.7762102086504501 0.7625289605127141 1.539149307419333e-06 234.8 0.71 21.26 27.5
0.0001 12.0 2.169730023646516 1.1960468323977884 0.6924982270956295 0.667421401313311 1.7332663896843987e-06 416.0 0.67 44.11 31.2
0.0001 5.0 1.3828394539704862 0.8593398025347481 0.7561539837395065 0.7359872368340232 3.694721358870163e-06 263.1 0.66 18.52 13.6
0.0001 9.5 2.1743648805292723 1.0782984448112902 0.6676043304019585 0.6472135380245404 4.099662227563398e-06 507.7 0.63 43.33 16.2
0.0001 3.0 1.1296370671912166 0.7125097128518664 0.7818203225338392 0.7635149013651109 8.747258322079454e-06 249.7 0.59 11.87 5.8
0.0001 9.0 2.446121431071417 1.0263412479370049 0.6253434756604184 0.604140287938103 9.576400169891879e-06 726.6 0.56 53.23 9.2
0.0001 12.0 2.9159618753976897 1.1305830436546909 0.5971211823722241 0.5820089922400615 9.70264464572059e-06 957.0 0.55 77.88 10.3
0.0001 15.0 3.2334990407958912 1.1668065493795134 0.57698623567022 0.5501019001605489 9.767198734839732e-06 1195.4 0.53 99.66 10.6
0.0001 7.0 2.126793252622865 0.9214463232972244 0.6401274049886045 0.621971573085712 1.1314423354952354e-05 622.6 0.56 39.97 7.3
0.0001 5.0 1.8539197464725168 0.7999517702178742 0.6578452130739743 0.6375172850904254 1.974510579028767e-05 594.4 0.53 29.3 4.2
0.0001 7.0 2.2996478824316493 0.8850379689046015 0.6199038503533438 0.5977468299800648 1.9906442816143934e-05 814.6 0.53 46.53 5.0
0.0001 9.0 2.8522403989089065 0.8903302936756611 0.5703483448223627 0.5342212879882313 3.2886443956906865e-05 1309.4 0.47 74.79 4.0
0.0001 15.0 3.870377247365578 1.0357690990796615 0.5169298958344526 0.4999859616783533 3.242650395294094e-05 2108.2 0.42 147.91 5.1
1e-05 5.0 0.3099528419708473 0.10010183667608707 0.39726898242791103 0.3977118342116416 1.054296978153194e-08 271.5 0.75 3.74 27.4
1e-05 7.0 0.5160058465332829 0.3213721586326247 0.7512568442689188 0.7421577025851971 1.1109335886077496e-08 346.2 0.78 7.15 42.5
1e-05 3.0 0.2642785024247638 0.1727945017224053 0.7572608785077212 0.7545454697304543 2.0405534340349893e-08 240.9 0.69 2.21 12.1
1e-05 7.0 2.7098125831184863 1.378858917040015 0.7452556723384329 0.7238389697918036 1.4645372584342284e-07 779.9 0.8 63.63 74.9
1e-05 5.0 2.8741742615446095 1.2827347629987025 0.7357133018154891 0.7140683788899437 5.37683495723666e-07 1107.2 0.74 63.2 26.1
1e-05 5.0 4.358327784072723 1.3240683864627485 0.6947727630021107 0.6713786100262188 4.767104604545215e-06 3286.8 0.56 131.81 6.2
