eps E rmsCMBtotal RMSCMBl=12 RMSCMBl=1 p Rm Pm fohm Els
1.0 3e-05 0.82 0.6 0.44 8.56e-06 930.0 2.5 0.6 21.4
0.33 1e-05 0.85 0.61 0.47 2.93e-06 1036.0 1.44 0.71 20.3
0.33 1e-05 0.78 0.55 0.39 2.94e-06 988.0 1.4 0.67 20.7
0.1 3e-06 0.93 0.67 0.51 8.96e-07 1092.0 0.8 0.81 20.4
0.1 3e-06 0.9 0.64 0.47 9.08e-07 1046.0 0.8 0.72 21.6
0.0333 1e-06 0.98 0.73 0.58 3.01e-07 1071.0 0.45 0.89 20.4
0.0333 1e-06 0.96 0.68 0.52 3.09e-07 1036.0 0.45 0.76 20.9
0.01 3e-07 0.94 0.73 0.61 9.18e-08 1130.0 0.25 0.92 20.2
0.01 3e-07 1.04 0.74 0.58 9.39e-08 1046.0 0.25 0.8 22.1
0.00333 1e-07 1.02 0.72 0.55 3.17e-08 1068.0 0.14 0.81 21.9
0.001 3e-08 0.99 0.71 0.55 9.62e-09 1099.0 0.079 0.83 20.9
0.000333 1e-08 0.97 0.7 0.55 3.24e-09 1089.0 0.045 0.84 20.1
1e-05 3e-10 1.01 0.75 0.6 9.95e-11 1136.0 0.0079 0.9 20.0
