E Pm rmsCMBtotal RMSCMBl=1 fdip1 fdip2 p Rm fohm Els MEKE
0.0001 12.0 0.6619752849244553 0.4888992276524711 0.8194038481775755 0.8025999714551117 2.176644979781539e-07 209.6 0.6 8.5 23.9
0.0001 12.0 0.8984831181533763 0.6806115786858016 0.8381272709179447 0.8305974620200647 2.5284535111801854e-07 205.2 0.66 11.02 32.5
0.0001 12.0 1.3540754533775952 0.9975948565985004 0.8162316821549082 0.8136210995515819 3.53609113034276e-07 203.5 0.73 19.24 57.5
0.0001 12.0 1.5524985184851945 1.0574917351532422 0.7702025304677829 0.7532233961504541 5.127976477424614e-07 238.5 0.73 25.1 54.3
0.0001 15.0 1.8233373545173803 1.1287654013679622 0.7197791203398128 0.7059672784302409 5.636776206463478e-07 312.1 0.71 35.16 55.6
0.0001 12.0 1.7427260255859318 1.1452265135603985 0.7578102675972487 0.7332345441137655 6.864449220925412e-07 267.9 0.72 29.87 51.0
0.0001 5.0 0.4325965886315392 0.3439629318589021 0.8636300896643481 0.8576267322310642 5.689005070267441e-07 153.3 0.52 3.67 8.1
0.0001 12.0 1.880259783413728 1.179771454235303 0.7388230739734291 0.7356432638142189 8.848599317851877e-07 299.8 0.71 34.08 46.4
0.0001 12.0 2.012267816736029 1.191257702139758 0.7168782141159392 0.7012607491423047 1.2296697049495187e-06 353.7 0.7 38.94 38.0
0.0001 3.0 0.3038599504940693 0.24618185425506944 0.8776981780190567 0.8716898668073286 9.785643879334057e-07 120.5 0.48 2.12 4.4
0.0001 7.0 1.4655442406405703 0.97919217224334 0.7762102086504501 0.7625289605127141 1.539149307419333e-06 234.8 0.71 21.26 27.5
0.0001 12.0 2.169730023646516 1.1960468323977884 0.6924982270956295 0.667421401313311 1.7332663896843987e-06 416.0 0.67 44.11 31.2
0.0001 1.0 0.19934438449356345 0.19002324650835886 0.9670931696824914 0.9658518314219984 1.2409410580445155e-06 46.4 0.36 0.45 2.1
0.0001 1.0 0.2476497893581317 0.2343019720972145 0.9620538819117052 0.9604469525747183 1.531293609522982e-06 48.4 0.44 0.69 3.0
0.0001 3.0 0.8746733285440284 0.6798205481422445 0.8647310250243385 0.8548798782859756 3.173005167055593e-06 154.8 0.67 8.54 10.9
0.0001 5.0 1.3828394539704862 0.8593398025347481 0.7561539837395065 0.7359872368340232 3.694721358870163e-06 263.1 0.66 18.52 13.6
0.0001 9.5 2.1743648805292723 1.0782984448112902 0.6676043304019585 0.6472135380245404 4.099662227563398e-06 507.7 0.63 43.33 16.2
0.0001 1.0 0.4029271585751195 0.37584933014940936 0.9577529898317512 0.9553312757796016 2.9451844103197445e-06 57.8 0.55 1.55 4.7
0.0001 1.0 0.5721539950043661 0.5128284929226459 0.9467292352956826 0.942212728676488 7.724858966399181e-06 84.6 0.54 2.7 3.8
0.0001 3.0 1.1296370671912166 0.7125097128518664 0.7818203225338392 0.7635149013651109 8.747258322079454e-06 249.7 0.59 11.87 5.8
0.0001 9.0 2.446121431071417 1.0263412479370049 0.6253434756604184 0.604140287938103 9.576400169891879e-06 726.6 0.56 53.23 9.2
0.0001 12.0 2.9159618753976897 1.1305830436546909 0.5971211823722241 0.5820089922400615 9.70264464572059e-06 957.0 0.55 77.88 10.3
0.0001 15.0 3.2334990407958912 1.1668065493795134 0.57698623567022 0.5501019001605489 9.767198734839732e-06 1195.4 0.53 99.66 10.6
0.0001 7.0 2.126793252622865 0.9214463232972244 0.6401274049886045 0.621971573085712 1.1314423354952354e-05 622.6 0.56 39.97 7.3
0.0001 1.0 0.6571570134738373 0.5375916861643473 0.9124385728469409 0.9060518195764709 1.810401203243959e-05 127.0 0.48 3.41 2.1
0.0001 3.0 1.294952880415913 0.6902687571924653 0.7348689144661246 0.7205483985229473 1.929194179106698e-05 366.1 0.53 14.37 3.2
0.0001 5.0 1.8539197464725168 0.7999517702178742 0.6578452130739743 0.6375172850904254 1.974510579028767e-05 594.4 0.53 29.3 4.2
0.0001 7.0 2.2996478824316493 0.8850379689046015 0.6199038503533438 0.5977468299800648 1.9906442816143934e-05 814.6 0.53 46.53 5.0
0.0001 3.0 1.406716202244776 0.6644876117599511 0.7105351505763349 0.6930276219306764 3.296826932575653e-05 473.0 0.48 16.21 2.2
0.0001 5.0 2.008592994569594 0.7781515480344748 0.6431063419219082 0.62211358528704 3.2918618251874675e-05 757.2 0.48 33.83 3.0
0.0001 7.0 2.4404055994676286 0.8235112617133444 0.5936976870752597 0.5666616584648709 3.299258617228361e-05 1038.1 0.48 53.11 3.5
0.0001 9.0 2.8522403989089065 0.8903302936756611 0.5703483448223627 0.5342212879882313 3.2886443956906865e-05 1309.4 0.47 74.79 4.0
0.0001 15.0 3.870377247365578 1.0357690990796615 0.5169298958344526 0.4999859616783533 3.242650395294094e-05 2108.2 0.42 147.91 5.1
0.0001 4.56 1.9880399314997357 0.7524244266605332 0.6472426162908174 0.6229008807861428 4.299325422723321e-05 785.2 0.47 32.62 2.4
0.0001 8.0 2.774701628853021 0.8395091265985496 0.5688373458844697 0.5574566387768773 4.2787521861749386e-05 1327.8 0.45 69.66 3.2
0.0001 7.0 2.6578148773611687 0.7849969961829829 0.5770257411423513 0.5471501673124819 5.8144353491549316e-05 1353.1 0.45 63.08 2.4
1e-05 7.0 0.5160058465332829 0.3213721586326247 0.7512568442689188 0.7421577025851971 1.1109335886077496e-08 346.2 0.78 7.15 42.5
1e-05 7.0 1.4423025882043612 1.0220451266714126 0.8396299072086828 0.8329828930945119 1.9280027502110867e-08 303.1 0.88 23.01 180.8
1e-05 3.0 0.2642785024247638 0.1727945017224053 0.7572608785077212 0.7545454697304543 2.0405534340349893e-08 240.9 0.69 2.21 12.1
1e-05 5.0 1.6617969839165767 1.0744531784068598 0.8003007035408132 0.7819793303239726 4.9301042908397857e-08 337.2 0.87 26.37 117.5
1e-05 0.5 0.12447053781281185 0.1111172898085749 0.8996401346218609 0.8988949002596399 3.802777035925308e-08 60.8 0.44 0.2 2.8
1e-05 2.0 0.4228483966619128 0.3466037379432733 0.9139220485785442 0.9076836445280682 4.753876833139135e-08 194.1 0.77 3.27 17.6
1e-05 1.0 0.2126027373657957 0.16630083619644093 0.8412386337046934 0.8372860561177572 5.024671415369423e-08 120.0 0.63 0.93 6.5
1e-05 1.0 0.35532995577217275 0.29862909094590656 0.9069379002316716 0.9034933943975184 9.355684872005287e-08 140.5 0.69 1.76 9.1
1e-05 2.0 0.9945762437587152 0.7830293416394114 0.9062795682320618 0.8979212046550061 1.2272474210982552e-07 225.5 0.86 11.35 45.3
1e-05 3.0 1.4923072391139265 0.9756319183268296 0.8256977949541778 0.8132679600222502 1.3522655473930983e-07 341.1 0.85 21.15 55.4
1e-05 7.0 2.7098125831184863 1.378858917040015 0.7452556723384329 0.7238389697918036 1.4645372584342284e-07 779.9 0.8 63.63 74.9
1e-05 0.3 0.20795748373410006 0.18560812946406244 0.9078170589625786 0.9064508651186824 2.374664119108521e-07 72.6 0.44 0.42 2.4
1e-05 0.5 0.2959602153568724 0.25292697676412595 0.8990590541382669 0.8973441604002222 2.479611939735609e-07 116.9 0.56 1.03 3.8
1e-05 2.0 1.267432788799551 0.8628655160322759 0.8684413093723192 0.8548076968843418 2.9366440821142895e-07 346.3 0.82 15.87 26.8
1e-05 1.0 0.8426883841203604 0.6852290724849884 0.9360433979238189 0.9305900186013502 4.803106636907938e-07 240.4 0.77 7.03 12.3
1e-05 2.0 1.4711369477142435 0.9085122707372718 0.8433080983079227 0.8303874126781302 5.09054277345871e-07 451.4 0.8 19.88 19.7
1e-05 5.0 2.8741742615446095 1.2827347629987025 0.7357133018154891 0.7140683788899437 5.37683495723666e-07 1107.2 0.74 63.2 26.1
1e-05 0.2 0.3905985056453075 0.3624399848526483 0.9566556183227336 0.956195955772031 1.2948558000714388e-06 99.3 0.51 0.99 2.0
1e-05 0.3 0.4883481119201285 0.43769923484214135 0.9449392633453992 0.9454221324049686 1.2162593951494514e-06 136.8 0.58 1.7 2.8
1e-05 0.5 0.5817768390334909 0.4958202882164461 0.9479757033844588 0.9444896197846132 1.0832200141918066e-06 202.0 0.65 3.16 3.9
1e-05 1.0 1.1852378722589665 0.7951970169527357 0.9038639033192168 0.8948285783078023 1.809278390314731e-06 432.5 0.74 13.02 7.0
1e-05 2.0 1.9694165760347844 0.9739853842215316 0.8131601017888735 0.7977990616694874 1.8501460917444432e-06 845.0 0.73 30.59 8.6
1e-05 0.5 0.9886012029694424 0.7278395144957525 0.9357903143312898 0.9299441705307028 4.892569950271504e-06 375.5 0.68 8.28 2.9
1e-05 1.44 1.8811857327449582 0.9058113593045396 0.8450057591011009 0.8288864156548935 4.969742500204738e-06 1018.0 0.68 27.55 3.8
1e-05 5.0 4.358327784072723 1.3240683864627485 0.6947727630021107 0.6713786100262188 4.767104604545215e-06 3286.8 0.56 131.81 6.2
1e-06 1.0 0.07476790382669167 0.05991775176439245 0.814303653836099 0.8138897553518171 1.90492089065084e-10 141.9 0.63 0.15 7.6
1e-06 0.25 0.10671223154190224 0.08135685890082715 0.7735173090018613 0.7721694474146957 2.2296976423889e-09 97.9 0.49 0.14 3.5
1e-06 0.5 0.304356467221002 0.25437153943420665 0.8972037495499209 0.8918391250544007 3.6506113585099714e-09 176.5 0.82 1.22 19.8
1e-06 1.0 0.3853500143005376 0.3088203820130626 0.9195226257391108 0.9145311234614184 3.7185791804579705e-09 340.9 0.84 2.65 22.9
1e-06 2.0 0.9540013318635384 0.6892139489128525 0.9300590841862528 0.9235196490939954 4.361804803583885e-09 525.9 0.91 11.74 85.3
1e-06 0.5 0.3517192778495205 0.2734267863052188 0.8832153662621395 0.8724353508163873 8.110846296929027e-09 259.5 0.78 1.72 12.8
1e-06 0.4 0.5078001124346511 0.3875472945402659 0.8844721795428484 0.8780426181469088 3.076536366652633e-08 358.0 0.8 3.61 11.3
1e-06 0.5 1.0498728970397302 0.7637573091996619 0.9382977530692024 0.9311950909713058 9.214316301643736e-08 580.9 0.87 11.53 17.2
1e-06 0.456 1.815923583020317 1.110003282951467 0.9384420435275326 0.9296625244943224 4.962026169949004e-07 1085.6 0.9 30.1 11.8
